7619355
5743811
2312907
4727215
4838049
3229707
4558566
255095
6599270
9208213
4161347
3873048
5366718
6932089
5799535
1277436
6818758
9876610
8537881
3620558
2680474
7010613
6370180
7407917
1018649
9808810
6067147
1772733
489659
1939327
3829960
672321
5791038
1556967
2444341
3635700
2171686
8214610
9710362
8505711
7945935
923882
2225014
4389288
925295
4265164
5325946
8783053
2803184
3308056
436586
4450010
2516654
4797611
5011621
2620387
6260558
8140597
6475720
3446825
3676740
3414210
2594136
9317362
5177040
6095882
6751666
4376770
5989128
4021981
3346343
9090567
4459659
8192734
4195791
3483210
3900262
949861
5680867
6823204
9346229
3139393
6026357
9390955
199184
9149212
8187542
9123696
8616506
4632504
8860569
7464211
8889773
5626755
8987474
8883376
5851196
4507050
857665
8245471